Potencia   Io      Po      Pc      Pt      Uz     Efic
               3    2,50      21      70      91    3,00 97,42
               5    2,50      31      91     122    3,00 97,88
              10    2,50      52     142     194    3,00 98,30
              15    2,40      68     192     260    3,00 98,48
              25    2,00      98     299     387    3,00 98,65
            37,5    2,00     130     403     533    3,00 98,76
              50    1,90     160     512     672    3,00 98,83
              75    1,70     214     713     927    3,00 98,93
             100    1,60     263     897    1160    3,00 99,00
             167    1,50     379    1360    1739    3,00 99,10
